1403637135.988318920 0.01450 -0.01570 0.22391 0.78764 0.00447 0.61550 -0.02749
1403637136.088319063 0.01903 -0.01703 0.18675 0.79458 0.00703 0.60658 -0.02552
1403637136.188318968 0.02999 -0.01611 0.11636 0.80432 0.00893 0.59373 -0.02165
1403637136.288319111 0.03215 -0.01385 0.04456 0.81849 0.00988 0.57405 -0.02099
1403637136.388319016 0.02911 -0.01110 -0.01928 0.83391 0.00931 0.55139 -0.02181
1403637136.488318920 0.02263 -0.00739 -0.06690 0.84674 0.00854 0.53123 -0.02732
1403637136.588319063 0.01394 -0.00625 -0.08370 0.85353 0.00753 0.52004 -0.03141
1403637136.688318968 0.00584 -0.00598 -0.06487 0.85590 0.01060 0.51630 -0.02766
1403637136.788319111 0.00337 -0.00617 -0.00793 0.85408 0.01084 0.51932 -0.02714
1403637136.888319016 0.00449 -0.00734 0.07983 0.84441 0.01218 0.53500 -0.02466
1403637136.988318920 0.00799 -0.00957 0.17819 0.83107 0.00761 0.55586 -0.01672
1403637137.088319063 0.00824 -0.01088 0.26691 0.81689 -0.00179 0.57669 -0.01075
1403637137.188318968 0.00830 -0.00880 0.32574 0.80394 -0.01023 0.59437 -0.01739
1403637137.288319111 0.01042 -0.00926 0.34211 0.79665 -0.00946 0.60407 -0.01903
1403637137.388319016 0.01405 -0.00917 0.31777 0.79349 -0.00742 0.60828 -0.01784
1403637137.488318920 0.01907 -0.00868 0.25810 0.79652 -0.00381 0.60435 -0.01736
1403637137.588319063 0.02087 -0.00818 0.17529 0.80799 0.00308 0.58909 -0.01028
1403637137.688318968 0.02063 -0.00718 0.08514 0.82471 0.00468 0.56554 -0.00293
1403637137.788319111 0.01532 -0.00374 0.00466 0.83807 0.00445 0.54549 -0.00787
1403637137.888319016 0.00534 -0.00210 -0.05426 0.84671 0.00716 0.53181 -0.01489
