1403638130.495096922 0.00511 0.01397 0.27243 0.81386 0.04766 0.57229 -0.08852
1403638130.595097065 -0.00371 0.02020 0.31250 0.81519 0.05686 0.57063 -0.08135
1403638130.695096970 -0.00690 0.02065 0.35280 0.80916 0.05114 0.57909 -0.08549
1403638130.795097113 -0.01042 0.01974 0.38899 0.80336 0.03690 0.58525 -0.10362
1403638130.895097017 -0.01550 0.01813 0.41532 0.80184 0.03550 0.58624 -0.11006
1403638130.995096922 -0.01778 0.01212 0.42287 0.79263 0.02792 0.59916 -0.10938
1403638131.095097065 -0.01953 0.00796 0.41102 0.78648 0.02348 0.60778 -0.10723
1403638131.195096970 -0.01276 0.00775 0.38040 0.79475 0.03363 0.59807 -0.09770
1403638131.295097113 -0.00922 0.01129 0.34956 0.80557 0.04763 0.58444 -0.08498
1403638131.395097017 -0.00796 0.01125 0.32111 0.80824 0.04881 0.58110 -0.08179
1403638131.495096922 -0.00772 0.00942 0.29241 0.80818 0.04988 0.58197 -0.07527
1403638131.595097065 -0.01190 0.00887 0.25533 0.81190 0.05159 0.57706 -0.07187
1403638131.695096970 -0.01540 0.00610 0.21535 0.81306 0.05528 0.57553 -0.06813
1403638131.795097113 -0.01272 0.00271 0.17783 0.81348 0.05966 0.57534 -0.06068
1403638131.895097017 -0.01468 0.00151 0.13429 0.81495 0.06313 0.57383 -0.05093
1403638131.995096922 -0.01636 0.00193 0.10122 0.81651 0.06932 0.57148 -0.04386
1403638132.095097065 -0.01338 0.00062 0.08866 0.82152 0.08548 0.56269 -0.03441
1403638132.195096970 -0.01392 0.00153 0.10235 0.82178 0.09197 0.56130 -0.03392
1403638132.295097113 -0.01214 -0.00212 0.14358 0.81402 0.08417 0.57275 -0.04735
1403638132.395097017 -0.01421 0.00110 0.19714 0.80972 0.07845 0.57842 -0.06031
1403638132.495096922 -0.01102 0.00251 0.25576 0.80193 0.06706 0.58819 -0.08031
1403638132.595097065 -0.01162 0.00653 0.30773 0.78845 0.05186 0.60476 -0.09964
1403638132.695096970 -0.01367 0.01531 0.34425 0.78858 0.04792 0.60380 -0.10619
1403638132.795097113 -0.01461 0.02699 0.36790 0.79409 0.04640 0.59637 -0.10776
1403638132.895097017 -0.01746 0.03447 0.37878 0.78694 0.03744 0.60526 -0.11391
1403638132.995096922 -0.01872 0.03505 0.37276 0.78033 0.03629 0.61253 -0.12070
1403638133.095097065 -0.01689 0.02626 0.35505 0.78453 0.05070 0.60803 -0.11063
1403638133.195096970 -0.01306 0.00400 0.33161 0.78882 0.05246 0.60435 -0.09884
1403638133.295097113 -0.00888 -0.02955 0.30646 0.79096 0.04242 0.60470 -0.08324
1403638133.395097017 -0.00498 -0.07089 0.28401 0.79764 0.03526 0.59858 -0.06504
1403638133.495096922 -0.00922 -0.11562 0.26488 0.80167 0.02113 0.59569 -0.04508
1403638133.595097065 -0.01790 -0.16250 0.24812 0.80436 -0.00119 0.59298 -0.03702
1403638133.695096970 -0.03002 -0.20470 0.23273 0.80877 -0.01869 0.58677 -0.03514
1403638133.795097113 -0.04266 -0.24493 0.21749 0.81140 -0.03247 0.58320 -0.02107
1403638133.895097017 -0.04842 -0.27471 0.20426 0.81432 -0.04019 0.57901 -0.00463
1403638133.995096922 -0.04353 -0.28493 0.19577 0.81368 -0.04608 0.57948 0.00246
1403638134.095097065 -0.02656 -0.27246 0.19368 0.81641 -0.04085 0.57600 0.00586
1403638134.195096970 -0.00152 -0.24668 0.19685 0.81755 -0.03455 0.57475 0.00891
1403638134.295097113 0.02813 -0.21215 0.20320 0.80882 -0.04279 0.58648 0.00435
1403638134.395097017 0.05844 -0.16825 0.20693 0.81055 -0.04757 0.58372 -0.00439
1403638134.495096922 0.08884 -0.12211 0.20893 0.81206 -0.05114 0.58122 -0.01160
1403638134.595097065 0.10812 -0.07637 0.21240 0.81064 -0.05620 0.58243 -0.02216
1403638134.695096970 0.12610 -0.02882 0.21418 0.81415 -0.05472 0.57743 -0.02715
1403638134.795097113 0.13219 0.01935 0.21871 0.82111 -0.04854 0.56796 -0.02919
1403638134.895097017 0.14397 0.06210 0.22468 0.82309 -0.04401 0.56557 -0.02698
