1403637136.088319063 0.02858 0.00922 0.33078 0.80049 0.03064 0.59798 -0.02640
1403637136.188318968 0.03097 0.00954 0.26107 0.80824 0.03323 0.58747 -0.02283
1403637136.288319111 0.02680 0.01057 0.18106 0.82083 0.03392 0.56971 -0.02282
1403637136.388319016 0.02088 0.00954 0.10319 0.83530 0.03260 0.54825 -0.02531
1403637136.488318920 0.01331 0.00682 0.03897 0.84732 0.03085 0.52913 -0.03356
1403637136.588319063 0.00824 0.00324 0.00643 0.85362 0.02877 0.51855 -0.04003
1403637136.688318968 0.00522 0.00004 0.01658 0.85571 0.03153 0.51508 -0.03811
1403637136.788319111 0.00514 -0.00200 0.07174 0.85380 0.03181 0.51818 -0.03868
1403637136.888319016 0.00674 -0.00347 0.15939 0.84406 0.03293 0.53397 -0.03691
1403637136.988318920 0.00967 -0.00588 0.25788 0.83077 0.02806 0.55512 -0.02967
1403637137.088319063 0.00988 -0.00772 0.34663 0.81676 0.01837 0.57617 -0.02441
1403637137.188318968 0.00968 -0.00597 0.40534 0.80399 0.00964 0.59373 -0.03162
1403637137.288319111 0.01169 -0.00644 0.42164 0.79665 0.01024 0.60342 -0.03360
1403637137.388319016 0.01534 -0.00623 0.39714 0.79342 0.01222 0.60768 -0.03257
