1403638130.495096922 0.00511 0.01397 0.27243 0.81386 0.04766 0.57229 -0.08852
1403638130.595097065 -0.00371 0.02020 0.31250 0.81519 0.05686 0.57063 -0.08135
1403638130.695096970 -0.00690 0.02065 0.35280 0.80916 0.05114 0.57909 -0.08549
1403638130.795097113 -0.01042 0.01974 0.38899 0.80336 0.03690 0.58525 -0.10362
1403638130.895097017 -0.01550 0.01813 0.41532 0.80184 0.03550 0.58624 -0.11006
1403638130.995096922 -0.01778 0.01212 0.42287 0.79263 0.02792 0.59916 -0.10938
1403638131.095097065 -0.02430 0.00768 0.41348 0.78603 0.02355 0.60836 -0.10721
1403638131.195096970 -0.01511 0.00740 0.37878 0.79449 0.03372 0.59840 -0.09775
1403638131.295097113 -0.01052 0.01110 0.34718 0.80542 0.04769 0.58463 -0.08503
1403638131.395097017 -0.00871 0.01119 0.31937 0.80816 0.04885 0.58120 -0.08182
1403638131.495096922 -0.00814 0.00942 0.29136 0.80815 0.04991 0.58201 -0.07530
1403638131.595097065 -0.01388 0.00616 0.24864 0.81169 0.05181 0.57727 -0.07233
1403638131.695096970 -0.01640 0.00561 0.21273 0.81298 0.05539 0.57561 -0.06835
1403638131.795097113 -0.01421 0.00191 0.17293 0.81334 0.05983 0.57548 -0.06105
1403638131.895097017 -0.01540 0.00124 0.13220 0.81491 0.06329 0.57384 -0.05120
1403638131.995096922 -0.01674 0.00193 0.10025 0.81650 0.06946 0.57145 -0.04409
1403638132.095097065 -0.01358 0.00074 0.08806 0.82153 0.08561 0.56264 -0.03463
