1403637136088318976 0.02858 0.00922 0.33078 -0.02640 0.80049 0.03064 0.59798
1403637136188318976 0.03097 0.00954 0.26107 -0.02283 0.80824 0.03323 0.58747
1403637136288319232 0.02680 0.01057 0.18106 -0.02282 0.82083 0.03392 0.56971
1403637136388318976 0.02088 0.00954 0.10319 -0.02531 0.83530 0.03260 0.54825
1403637136488318976 0.01331 0.00682 0.03897 -0.03356 0.84732 0.03085 0.52913
1403637136588318976 0.00824 0.00324 0.00643 -0.04003 0.85362 0.02877 0.51855
1403637136688318976 0.00522 0.00004 0.01658 -0.03811 0.85571 0.03153 0.51508
1403637136788319232 0.00514 -0.00200 0.07174 -0.03868 0.85380 0.03181 0.51818
1403637136888318976 0.00674 -0.00347 0.15939 -0.03691 0.84406 0.03293 0.53397
1403637136988318976 0.00967 -0.00588 0.25788 -0.02967 0.83077 0.02806 0.55512
1403637137088318976 0.00988 -0.00772 0.34663 -0.02441 0.81676 0.01837 0.57617
1403637137188318976 0.00968 -0.00597 0.40534 -0.03162 0.80399 0.00964 0.59373
1403637137288319232 0.01169 -0.00644 0.42164 -0.03360 0.79665 0.01024 0.60342
1403637137388318976 0.01534 -0.00623 0.39714 -0.03257 0.79342 0.01222 0.60768
