1403637135988318976 0.01450 -0.01570 0.22391 -0.02749 0.78764 0.00447 0.61550
1403637136088318976 0.01903 -0.01703 0.18675 -0.02552 0.79458 0.00703 0.60658
1403637136188318976 0.02999 -0.01611 0.11636 -0.02165 0.80432 0.00893 0.59373
1403637136288319232 0.03215 -0.01385 0.04456 -0.02099 0.81849 0.00988 0.57405
1403637136388318976 0.02911 -0.01110 -0.01928 -0.02181 0.83391 0.00931 0.55139
1403637136488318976 0.02263 -0.00739 -0.06690 -0.02732 0.84674 0.00854 0.53123
1403637136588318976 0.01394 -0.00625 -0.08370 -0.03141 0.85353 0.00753 0.52004
1403637136688318976 0.00584 -0.00598 -0.06487 -0.02766 0.85590 0.01060 0.51630
1403637136788319232 0.00337 -0.00617 -0.00793 -0.02714 0.85408 0.01084 0.51932
1403637136888318976 0.00449 -0.00734 0.07983 -0.02466 0.84441 0.01218 0.53500
1403637136988318976 0.00799 -0.00957 0.17819 -0.01672 0.83107 0.00761 0.55586
1403637137088318976 0.00824 -0.01088 0.26691 -0.01075 0.81689 -0.00179 0.57669
1403637137188318976 0.00830 -0.00880 0.32574 -0.01739 0.80394 -0.01023 0.59437
1403637137288319232 0.01042 -0.00926 0.34211 -0.01903 0.79665 -0.00946 0.60407
1403637137388318976 0.01405 -0.00917 0.31777 -0.01784 0.79349 -0.00742 0.60828
1403637137488318976 0.01907 -0.00868 0.25810 -0.01736 0.79652 -0.00381 0.60435
1403637137588318976 0.02087 -0.00818 0.17529 -0.01028 0.80799 0.00308 0.58909
1403637137688318976 0.02063 -0.00718 0.08514 -0.00293 0.82471 0.00468 0.56554
1403637137788319232 0.01532 -0.00374 0.00466 -0.00787 0.83807 0.00445 0.54549
1403637137888318976 0.00534 -0.00210 -0.05426 -0.01489 0.84671 0.00716 0.53181
