1403638130495096832 0.00511 0.01397 0.27243 -0.08852 0.81386 0.04766 0.57229
1403638130595097088 -0.00371 0.02020 0.31250 -0.08135 0.81519 0.05686 0.57063
1403638130695097088 -0.00690 0.02065 0.35280 -0.08549 0.80916 0.05114 0.57909
1403638130795097088 -0.01042 0.01974 0.38899 -0.10362 0.80336 0.03690 0.58525
1403638130895097088 -0.01550 0.01813 0.41532 -0.11006 0.80184 0.03550 0.58624
1403638130995096832 -0.01778 0.01212 0.42287 -0.10938 0.79263 0.02792 0.59916
1403638131095097088 -0.01953 0.00796 0.41102 -0.10723 0.78648 0.02348 0.60778
1403638131195097088 -0.01276 0.00775 0.38040 -0.09770 0.79475 0.03363 0.59807
1403638131295097088 -0.00922 0.01129 0.34956 -0.08498 0.80557 0.04763 0.58444
1403638131395097088 -0.00796 0.01125 0.32111 -0.08179 0.80824 0.04881 0.58110
1403638131495096832 -0.00772 0.00942 0.29241 -0.07527 0.80818 0.04988 0.58197
1403638131595097088 -0.01190 0.00887 0.25533 -0.07187 0.81190 0.05159 0.57706
1403638131695097088 -0.01540 0.00610 0.21535 -0.06813 0.81306 0.05528 0.57553
1403638131795097088 -0.01272 0.00271 0.17783 -0.06068 0.81348 0.05966 0.57534
1403638131895097088 -0.01468 0.00151 0.13429 -0.05093 0.81495 0.06313 0.57383
1403638131995096832 -0.01636 0.00193 0.10122 -0.04386 0.81651 0.06932 0.57148
1403638132095097088 -0.01338 0.00062 0.08866 -0.03441 0.82152 0.08548 0.56269
1403638132195097088 -0.01392 0.00153 0.10235 -0.03392 0.82178 0.09197 0.56130
1403638132295097088 -0.01214 -0.00212 0.14358 -0.04735 0.81402 0.08417 0.57275
1403638132395097088 -0.01421 0.00110 0.19714 -0.06031 0.80972 0.07845 0.57842
1403638132495096832 -0.01102 0.00251 0.25576 -0.08031 0.80193 0.06706 0.58819
1403638132595097088 -0.01162 0.00653 0.30773 -0.09964 0.78845 0.05186 0.60476
1403638132695097088 -0.01367 0.01531 0.34425 -0.10619 0.78858 0.04792 0.60380
1403638132795097088 -0.01461 0.02699 0.36790 -0.10776 0.79409 0.04640 0.59637
1403638132895097088 -0.01746 0.03447 0.37878 -0.11391 0.78694 0.03744 0.60526
1403638132995096832 -0.01872 0.03505 0.37276 -0.12070 0.78033 0.03629 0.61253
1403638133095097088 -0.01689 0.02626 0.35505 -0.11063 0.78453 0.05070 0.60803
1403638133195097088 -0.01306 0.00400 0.33161 -0.09884 0.78882 0.05246 0.60435
1403638133295097088 -0.00888 -0.02955 0.30646 -0.08324 0.79096 0.04242 0.60470
1403638133395097088 -0.00498 -0.07089 0.28401 -0.06504 0.79764 0.03526 0.59858
1403638133495096832 -0.00922 -0.11562 0.26488 -0.04508 0.80167 0.02113 0.59569
1403638133595097088 -0.01790 -0.16250 0.24812 -0.03702 0.80436 -0.00119 0.59298
1403638133695097088 -0.03002 -0.20470 0.23273 -0.03514 0.80877 -0.01869 0.58677
1403638133795097088 -0.04266 -0.24493 0.21749 -0.02107 0.81140 -0.03247 0.58320
1403638133895097088 -0.04842 -0.27471 0.20426 -0.00463 0.81432 -0.04019 0.57901
1403638133995096832 -0.04353 -0.28493 0.19577 0.00246 0.81368 -0.04608 0.57948
1403638134095097088 -0.02656 -0.27246 0.19368 0.00586 0.81641 -0.04085 0.57600
1403638134195097088 -0.00152 -0.24668 0.19685 0.00891 0.81755 -0.03455 0.57475
1403638134295097088 0.02813 -0.21215 0.20320 0.00435 0.80882 -0.04279 0.58648
1403638134395097088 0.05844 -0.16825 0.20693 -0.00439 0.81055 -0.04757 0.58372
1403638134495096832 0.08884 -0.12211 0.20893 -0.01160 0.81206 -0.05114 0.58122
1403638134595097088 0.10812 -0.07637 0.21240 -0.02216 0.81064 -0.05620 0.58243
1403638134695097088 0.12610 -0.02882 0.21418 -0.02715 0.81415 -0.05472 0.57743
1403638134795097088 0.13219 0.01935 0.21871 -0.02919 0.82111 -0.04854 0.56796
1403638134895097088 0.14397 0.06210 0.22468 -0.02698 0.82309 -0.04401 0.56557
1403638134995096832 0.14764 0.10050 0.23048 -0.02809 0.81919 -0.04461 0.57109
1403638135095097088 0.14510 0.13082 0.23132 -0.02484 0.82281 -0.03640 0.56661
1403638135195097088 0.14230 0.14998 0.22596 -0.02354 0.82686 -0.02841 0.56119
1403638135295097088 0.13677 0.15285 0.21769 -0.02143 0.82852 -0.02516 0.55898
1403638135395097088 0.13161 0.14555 0.20489 -0.01883 0.82610 -0.02723 0.56255
1403638135495096832 0.12067 0.12599 0.19528 -0.00975 0.82843 -0.02605 0.55940
1403638135595097088 0.11196 0.09889 0.19038 -0.00195 0.83317 -0.02567 0.55241
1403638135695097088 0.10517 0.06295 0.18868 0.00244 0.82953 -0.03544 0.55732
1403638135795097088 0.09166 0.02689 0.18333 -0.00088 0.82702 -0.04834 0.56008
1403638135895097088 0.07502 -0.00809 0.18294 0.00938 0.83212 -0.04352 0.55281
1403638135995096832 0.05479 -0.04234 0.19307 0.02112 0.83727 -0.03872 0.54501
1403638136095097088 0.03938 -0.08225 0.21106 0.02943 0.83037 -0.04475 0.55463
1403638136195097088 0.02240 -0.12700 0.22460 0.02609 0.82072 -0.05879 0.56769
1403638136295097088 0.00336 -0.17547 0.22430 0.03190 0.81844 -0.06383 0.57015
1403638136395097088 -0.01511 -0.21133 0.21449 0.04148 0.82028 -0.06462 0.56678
1403638136495096832 -0.02927 -0.23271 0.20679 0.04748 0.82277 -0.06675 0.56245
1403638136595097088 -0.03494 -0.23193 0.21046 0.04181 0.82376 -0.07747 0.56007
